2016-03-24-5-32-11PM,1458811931723,1458811931666,2016-03-24-5-32-11PM,network,1.2970858,103.7726208,36.0,-1.0,-1.0,-1.0
2016-03-24-5-32-31PM,1458811951751,1458811951743,2016-03-24-5-32-31PM,network,1.296922,103.7723613,34.831,-1.0,-1.0,-1.0
2016-03-24-5-32-45PM,1458811965807,1458811966000,2016-03-24-5-32-46PM,gps,1.29662202,103.7719479,16.0,99.4000015258789,-1.0,0.0
2016-03-24-5-32-51PM,1458811971738,1458811971729,2016-03-24-5-32-51PM,network,1.2970208,103.7725437,21.054,-1.0,-1.0,-1.0
2016-03-24-5-33-03PM,1458811983871,1458811984000,2016-03-24-5-33-04PM,gps,1.29696853,103.77244214,13.0,85.5,-1.0,0.0
2016-03-24-5-33-11PM,1458811991807,1458811991796,2016-03-24-5-33-11PM,network,1.2969828,103.7725111,28.604,-1.0,-1.0,-1.0
2016-03-24-5-33-31PM,1458812011827,1458812011795,2016-03-24-5-33-31PM,network,1.2969559,103.772461,52.5,-1.0,-1.0,-1.0
2016-03-24-5-33-51PM,1458812031154,1458812031115,2016-03-24-5-33-51PM,network,1.2969819,103.7725314,28.021,-1.0,-1.0,-1.0
2016-03-24-5-34-04PM,1458812044815,1458812045000,2016-03-24-5-34-05PM,gps,1.29704826,103.77275014,31.0,68.4000015258789,153.1,1.0
2016-03-24-5-34-11PM,1458812051834,1458812051817,2016-03-24-5-34-11PM,network,1.2969636,103.7725249,29.819,-1.0,-1.0,-1.0
2016-03-24-5-34-26PM,1458812066318,1458812066000,2016-03-24-5-34-26PM,gps,1.29699231,103.77246177,34.0,67.0,262.5,1.5
2016-03-24-5-34-32PM,1458812072914,1458812072846,2016-03-24-5-34-32PM,network,1.2969598,103.7725193,30.0,-1.0,-1.0,-1.0
2016-03-24-5-34-52PM,1458812092743,1458812092714,2016-03-24-5-34-52PM,network,1.2969293,103.7725145,30.0,-1.0,-1.0,-1.0
2016-03-24-5-35-14PM,1458812114155,1458812114129,2016-03-24-5-35-14PM,network,1.2969861,103.7725796,52.5,-1.0,-1.0,-1.0
2016-03-24-5-35-33PM,1458812133706,1458812133686,2016-03-24-5-35-33PM,network,1.2969848,103.7725842,60.0,-1.0,-1.0,-1.0
2016-03-24-5-35-53PM,1458812153874,1458812154000,2016-03-24-5-35-54PM,gps,1.30020335,103.77382535,40.0,43.29999923706055,310.7,7.0
2016-03-24-5-36-12PM,1458812172829,1458812173000,2016-03-24-5-36-13PM,gps,1.3013983,103.77280045,31.0,50.0,274.7,6.75
2016-03-24-5-36-29PM,1458812189834,1458812190000,2016-03-24-5-36-30PM,gps,1.30147794,103.77275371,23.0,67.0,257.4,0.25
2016-03-24-5-36-39PM,1458812199846,1458812200000,2016-03-24-5-36-40PM,gps,1.30131298,103.7728977,20.0,66.80000305175781,145.5,0.75
2016-03-24-5-36-53PM,1458812213996,1458812213930,2016-03-24-5-36-53PM,network,1.3007863,103.7736871,45.0,-1.0,-1.0,-1.0
2016-03-24-5-37-09PM,1458812229829,1458812230000,2016-03-24-5-37-10PM,gps,1.30118506,103.77254389,16.0,58.400001525878906,265.7,3.5
2016-03-24-5-37-31PM,1458812251831,1458812252000,2016-03-24-5-37-32PM,gps,1.30136126,103.77162536,36.0,56.79999923706055,289.7,5.25
2016-03-24-5-37-51PM,1458812271843,1458812272000,2016-03-24-5-37-52PM,gps,1.30153774,103.77157552,37.0,53.20000076293945,329.4,0.75
2016-03-24-5-38-08PM,1458812288849,1458812289000,2016-03-24-5-38-09PM,gps,1.30146054,103.7710612,15.0,46.900001525878906,329.4,0.5
2016-03-24-5-38-13PM,1458812293852,1458812293813,2016-03-24-5-38-13PM,network,1.3015934,103.7706784,48.0,-1.0,-1.0,-1.0
2016-03-24-5-38-19PM,1458812299850,1458812300000,2016-03-24-5-38-20PM,gps,1.3014423,103.77099682,18.0,43.79999923706055,329.4,0.5
2016-03-24-5-38-34PM,1458812314251,1458812314222,2016-03-24-5-38-34PM,network,1.3014799,103.7705772,40.5,-1.0,-1.0,-1.0
2016-03-24-5-38-39PM,1458812319860,1458812320000,2016-03-24-5-38-40PM,gps,1.30146071,103.77088331,20.0,41.79999923706055,329.4,0.25
2016-03-24-5-38-53PM,1458812333931,1458812333917,2016-03-24-5-38-53PM,network,1.3015442,103.7706329,40.5,-1.0,-1.0,-1.0
2016-03-24-5-38-59PM,1458812339841,1458812340000,2016-03-24-5-39-00PM,gps,1.30140039,103.7708045,15.0,42.400001525878906,-1.0,0.0
2016-03-24-5-39-11PM,1458812351888,1458812352000,2016-03-24-5-39-12PM,gps,1.30153803,103.77068479,18.0,40.5,324.1,2.75
2016-03-24-5-39-39PM,1458812379685,1458812379677,2016-03-24-5-39-39PM,network,1.3019778,103.7707131,36.0,-1.0,-1.0,-1.0
2016-03-24-5-39-53PM,1458812393869,1458812394000,2016-03-24-5-39-54PM,gps,1.30348045,103.7709417,12.0,31.899999618530273,10.0,5.25
2016-03-24-5-39-59PM,1458812399882,1458812399859,2016-03-24-5-39-59PM,network,1.3023125,103.7707475,42.0,-1.0,-1.0,-1.0
2016-03-24-5-40-12PM,1458812412384,1458812411915,2016-03-24-5-40-11PM,gps,1.30398796,103.77104803,6.0,36.29999923706055,8.9,3.75
2016-03-24-5-40-19PM,1458812419796,1458812419764,2016-03-24-5-40-19PM,network,1.302489,103.7707207,40.5,-1.0,-1.0,-1.0
2016-03-24-5-40-34PM,1458812434862,1458812435000,2016-03-24-5-40-35PM,gps,1.30613812,103.77096438,50.0,44.29999923706055,355.7,10.0
2016-03-24-5-40-59PM,1458812459962,1458812459953,2016-03-24-5-40-59PM,network,1.308244,103.7713377,160.405,-1.0,-1.0,-1.0
2016-03-24-5-41-19PM,1458812479914,1458812479886,2016-03-24-5-41-19PM,network,1.3082555,103.7713118,160.864,-1.0,-1.0,-1.0
2016-03-24-5-41-39PM,1458812499286,1458812499247,2016-03-24-5-41-39PM,network,1.3082621,103.7713132,161.489,-1.0,-1.0,-1.0
2016-03-24-5-41-57PM,1458812517893,1458812518000,2016-03-24-5-41-58PM,gps,1.30910278,103.77160706,26.0,35.79999923706055,5.4,0.5
2016-03-24-5-42-15PM,1458812535862,1458812536000,2016-03-24-5-42-16PM,gps,1.30914408,103.77157003,14.0,35.0,5.4,0.5
2016-03-24-5-42-28PM,1458812548899,1458812549000,2016-03-24-5-42-29PM,gps,1.31025632,103.77171671,40.0,38.099998474121094,13.5,8.0
2016-03-24-5-42-40PM,1458812560000,1458812559984,2016-03-24-5-42-39PM,network,1.3088535,103.7716462,83.597,-1.0,-1.0,-1.0
2016-03-24-5-42-52PM,1458812572865,1458812573000,2016-03-24-5-42-53PM,gps,1.311505,103.77203342,66.0,35.70000076293945,15.7,6.0
2016-03-24-5-43-00PM,1458812580032,1458812579977,2016-03-24-5-42-59PM,network,1.3089026,103.7717115,86.284,-1.0,-1.0,-1.0
2016-03-24-5-43-19PM,1458812599461,1458812599429,2016-03-24-5-43-19PM,network,1.3119602,103.7706764,31.5,-1.0,-1.0,-1.0
2016-03-24-5-43-40PM,1458812620121,1458812620108,2016-03-24-5-43-40PM,network,1.3119602,103.7706764,31.5,-1.0,-1.0,-1.0
2016-03-24-5-43-55PM,1458812635889,1458812636000,2016-03-24-5-43-56PM,gps,1.31184206,103.76911847,42.0,40.79999923706055,281.9,7.75
2016-03-24-5-44-09PM,1458812649915,1458812650000,2016-03-24-5-44-10PM,gps,1.31199154,103.7684134,30.0,22.5,281.7,4.0
2016-03-24-5-44-20PM,1458812660462,1458812660412,2016-03-24-5-44-20PM,network,1.3120116,103.7705774,34.5,-1.0,-1.0,-1.0
2016-03-24-5-44-27PM,1458812667871,1458812668000,2016-03-24-5-44-28PM,gps,1.31213538,103.76801573,10.0,19.200000762939453,290.8,4.5
2016-03-24-5-44-40PM,1458812680139,1458812680120,2016-03-24-5-44-40PM,network,1.3118105,103.7693665,125.836,-1.0,-1.0,-1.0
2016-03-24-5-45-00PM,1458812700338,1458812700324,2016-03-24-5-45-00PM,network,1.3120225,103.7681278,37.5,-1.0,-1.0,-1.0
2016-03-24-5-45-19PM,1458812719685,1458812719648,2016-03-24-5-45-19PM,network,1.3120842,103.768011,40.5,-1.0,-1.0,-1.0
2016-03-24-5-45-40PM,1458812740194,1458812740159,2016-03-24-5-45-40PM,network,1.3124543,103.7671477,75.592,-1.0,-1.0,-1.0
2016-03-24-5-46-00PM,1458812760290,1458812760267,2016-03-24-5-46-00PM,network,1.3125159,103.7670534,35.738,-1.0,-1.0,-1.0
2016-03-24-5-46-19PM,1458812779695,1458812779663,2016-03-24-5-46-19PM,network,1.3125156,103.7670321,37.53,-1.0,-1.0,-1.0
2016-03-24-5-46-25PM,1458812785883,1458812786000,2016-03-24-5-46-26PM,gps,1.3125321,103.76691921,70.0,25.5,323.7,1.0
2016-03-24-5-46-40PM,1458812800377,1458812800366,2016-03-24-5-46-40PM,network,1.3127196,103.7667329,34.5,-1.0,-1.0,-1.0
2016-03-24-5-46-57PM,1458812817890,1458812818000,2016-03-24-5-46-58PM,gps,1.31416129,103.76556322,14.0,15.199999809265137,322.0,8.0
2016-03-24-5-47-19PM,1458812839786,1458812839729,2016-03-24-5-47-19PM,network,1.3143482,103.7654537,30.104,-1.0,-1.0,-1.0
2016-03-24-5-47-34PM,1458812854891,1458812855000,2016-03-24-5-47-35PM,gps,1.31453474,103.76537246,60.0,18.200000762939453,153.6,0.25
2016-03-24-5-47-40PM,1458812860539,1458812860530,2016-03-24-5-47-40PM,network,1.3143449,103.7654484,29.866,-1.0,-1.0,-1.0
2016-03-24-5-47-51PM,1458812871892,1458812872000,2016-03-24-5-47-52PM,gps,1.31451376,103.76537758,49.0,14.0,328.5,1.5
2016-03-24-5-48-00PM,1458812880052,1458812879988,2016-03-24-5-47-59PM,network,1.3145121,103.7652752,30.0,-1.0,-1.0,-1.0
2016-03-24-5-48-20PM,1458812900965,1458812900824,2016-03-24-5-48-20PM,network,1.3149995,103.7650988,42.0,-1.0,-1.0,-1.0
2016-03-24-5-48-39PM,1458812919935,1458812919918,2016-03-24-5-48-39PM,network,1.3150243,103.7650807,43.5,-1.0,-1.0,-1.0
2016-03-24-5-48-52PM,1458812932914,1458812933000,2016-03-24-5-48-53PM,gps,1.31504571,103.76490027,88.0,25.799999237060547,312.5,0.75
2016-03-24-5-49-00PM,1458812940813,1458812940800,2016-03-24-5-49-00PM,network,1.3153886,103.7649274,27.608,-1.0,-1.0,-1.0
2016-03-24-5-49-20PM,1458812960508,1458812960486,2016-03-24-5-49-20PM,network,1.3154347,103.7649181,31.832,-1.0,-1.0,-1.0
2016-03-24-5-49-34PM,1458812974924,1458812975000,2016-03-24-5-49-35PM,gps,1.31524768,103.76482419,79.0,23.5,312.5,0.5
2016-03-24-5-49-40PM,1458812980105,1458812980049,2016-03-24-5-49-40PM,network,1.3154347,103.7649181,31.832,-1.0,-1.0,-1.0
2016-03-24-5-50-00PM,1458813000523,1458813000516,2016-03-24-5-50-00PM,network,1.3155723,103.7648675,44.718,-1.0,-1.0,-1.0
2016-03-24-5-50-19PM,1458813019918,1458813019905,2016-03-24-5-50-19PM,network,1.315557,103.7648735,43.262,-1.0,-1.0,-1.0
2016-03-24-5-50-40PM,1458813040507,1458813040490,2016-03-24-5-50-40PM,network,1.3151758,103.7651125,30.0,-1.0,-1.0,-1.0
2016-03-24-5-50-59PM,1458813059873,1458813059835,2016-03-24-5-50-59PM,network,1.3151765,103.7651086,30.0,-1.0,-1.0,-1.0
2016-03-24-5-51-21PM,1458813081264,1458813081254,2016-03-24-5-51-21PM,network,1.3151263,103.7652092,57.271,-1.0,-1.0,-1.0
2016-03-24-5-51-40PM,1458813100955,1458813100862,2016-03-24-5-51-40PM,network,1.315106,103.7652507,31.5,-1.0,-1.0,-1.0
2016-03-24-5-52-01PM,1458813121524,1458813121487,2016-03-24-5-52-01PM,network,1.3151077,103.7652419,30.0,-1.0,-1.0,-1.0
2016-03-24-5-52-21PM,1458813141010,1458813140914,2016-03-24-5-52-20PM,network,1.315163,103.7651668,30.0,-1.0,-1.0,-1.0
2016-03-24-5-52-41PM,1458813161748,1458813161739,2016-03-24-5-52-41PM,network,1.315357,103.7650007,40.5,-1.0,-1.0,-1.0
2016-03-24-5-53-00PM,1458813180924,1458813181000,2016-03-24-5-53-01PM,gps,1.32478983,103.75952164,177.0,67.0,305.3,17.75
2016-03-24-5-53-20PM,1458813200883,1458813200856,2016-03-24-5-53-20PM,network,1.3202107,103.7622105,45.0,-1.0,-1.0,-1.0
2016-03-24-5-53-47PM,1458813227924,1458813228000,2016-03-24-5-53-48PM,gps,1.32826606,103.75088921,56.0,29.5,272.9,18.25
2016-03-24-5-54-21PM,1458813261655,1458813261647,2016-03-24-5-54-21PM,network,1.3277981,103.751957,37.5,-1.0,-1.0,-1.0
2016-03-24-5-55-02PM,1458813302097,1458813302047,2016-03-24-5-55-02PM,network,1.3307302,103.7448605,37.5,-1.0,-1.0,-1.0
2016-03-24-5-55-21PM,1458813321666,1458813321652,2016-03-24-5-55-21PM,network,1.3307302,103.7448605,37.5,-1.0,-1.0,-1.0
2016-03-24-5-55-41PM,1458813341005,1458813340995,2016-03-24-5-55-40PM,network,1.3307302,103.7448605,37.5,-1.0,-1.0,-1.0
2016-03-24-5-56-02PM,1458813362167,1458813362155,2016-03-24-5-56-02PM,network,1.333371,103.7417146,30.0,-1.0,-1.0,-1.0
2016-03-24-5-56-21PM,1458813381462,1458813381426,2016-03-24-5-56-21PM,network,1.3333419,103.7416678,30.0,-1.0,-1.0,-1.0
2016-03-24-5-56-41PM,1458813401811,1458813401793,2016-03-24-5-56-41PM,network,1.3333419,103.7416678,30.0,-1.0,-1.0,-1.0
2016-03-24-5-57-01PM,1458813421075,1458813421067,2016-03-24-5-57-01PM,network,1.3333419,103.7416678,30.0,-1.0,-1.0,-1.0
2016-03-24-5-57-06PM,1458813426985,1458813427000,2016-03-24-5-57-07PM,gps,1.33801104,103.73903631,145.0,84.5999984741211,304.3,8.75
2016-03-24-5-57-21PM,1458813441493,1458813441477,2016-03-24-5-57-21PM,network,1.3371864,103.7396447,271.284,-1.0,-1.0,-1.0
2016-03-24-5-57-30PM,1458813450985,1458813451000,2016-03-24-5-57-31PM,gps,1.34012941,103.73630229,43.0,85.0,305.3,13.75
2016-03-24-5-57-41PM,1458813461765,1458813461757,2016-03-24-5-57-41PM,network,1.3371543,103.7396416,273.566,-1.0,-1.0,-1.0
2016-03-24-5-57-48PM,1458813468973,1458813469000,2016-03-24-5-57-49PM,gps,1.34184463,103.73381161,45.0,75.69999694824219,304.3,13.75
2016-03-24-5-58-01PM,1458813481416,1458813481406,2016-03-24-5-58-01PM,network,1.3391005,103.7377747,245.828,-1.0,-1.0,-1.0
2016-03-24-5-58-15PM,1458813495982,1458813496000,2016-03-24-5-58-16PM,gps,1.34254059,103.73249907,42.0,65.4000015258789,242.1,1.0
2016-03-24-5-58-22PM,1458813502052,1458813502015,2016-03-24-5-58-22PM,network,1.3392425,103.7377277,39.262,-1.0,-1.0,-1.0
2016-03-24-5-58-39PM,1458813519009,1458813519000,2016-03-24-5-58-39PM,gps,1.34241149,103.732745,53.0,63.099998474121094,154.9,1.0
2016-03-24-5-58-53PM,1458813533985,1458813534000,2016-03-24-5-58-54PM,gps,1.34315587,103.7322575,33.0,64.30000305175781,312.1,11.0
2016-03-24-5-59-01PM,1458813541626,1458813541611,2016-03-24-5-59-01PM,network,1.3431037,103.7320502,42.0,-1.0,-1.0,-1.0
2016-03-24-5-59-10PM,1458813550449,1458813549915,2016-03-24-5-59-09PM,gps,1.34407554,103.72958412,9.0,43.599998474121094,292.3,18.0
2016-03-24-5-59-20PM,1458813560437,1458813559855,2016-03-24-5-59-19PM,gps,1.34410201,103.72762169,7.0,41.400001525878906,272.3,20.0
2016-03-24-5-59-33PM,1458813573953,1458813574000,2016-03-24-5-59-34PM,gps,1.34461343,103.72500437,32.0,41.0,285.6,20.5
2016-03-24-5-59-41PM,1458813581387,1458813581379,2016-03-24-5-59-41PM,network,1.343174,103.7320341,40.5,-1.0,-1.0,-1.0
2016-03-24-5-59-53PM,1458813593958,1458813594000,2016-03-24-5-59-54PM,gps,1.34451969,103.72165018,52.0,41.70000076293945,255.8,14.75
2016-03-24-6-00-02PM,1458813602218,1458813602202,2016-03-24-6-00-02PM,network,1.3443872,103.7272351,39.0,-1.0,-1.0,-1.0
2016-03-24-6-00-20PM,1458813620973,1458813621000,2016-03-24-6-00-21PM,gps,1.34445312,103.72046048,55.0,41.099998474121094,313.9,2.0
2016-03-24-6-00-42PM,1458813642376,1458813642348,2016-03-24-6-00-42PM,network,1.34427,103.7205258,40.5,-1.0,-1.0,-1.0
2016-03-24-6-01-01PM,1458813661958,1458813662000,2016-03-24-6-01-02PM,gps,1.34392674,103.71960482,42.0,36.599998474121094,257.3,9.0
2016-03-24-6-01-19PM,1458813679972,1458813680000,2016-03-24-6-01-20PM,gps,1.34351032,103.71803862,42.0,24.299999237060547,247.8,11.75
2016-03-24-6-01-42PM,1458813702278,1458813702255,2016-03-24-6-01-42PM,network,1.3441587,103.7197901,52.499,-1.0,-1.0,-1.0
2016-03-24-6-01-55PM,1458813715974,1458813716000,2016-03-24-6-01-56PM,gps,1.3416506,103.7129448,23.0,17.100000381469727,248.1,16.25
2016-03-24-6-02-02PM,1458813722205,1458813722193,2016-03-24-6-02-02PM,network,1.3440945,103.7197366,40.5,-1.0,-1.0,-1.0
2016-03-24-6-02-15PM,1458813735980,1458813736000,2016-03-24-6-02-16PM,gps,1.34084212,103.71086139,14.0,26.700000762939453,246.8,10.0
2016-03-24-6-02-36PM,1458813756012,1458813756000,2016-03-24-6-02-36PM,gps,1.34019177,103.70944848,11.0,29.299999237060547,242.0,9.0
2016-03-24-6-02-41PM,1458813761484,1458813761466,2016-03-24-6-02-41PM,network,1.3424786,103.7149586,51.68,-1.0,-1.0,-1.0
2016-03-24-6-02-54PM,1458813774534,1458813773975,2016-03-24-6-02-53PM,gps,1.33945842,103.70820902,6.0,27.799999237060547,236.6,8.5
2016-03-24-6-03-02PM,1458813782724,1458813782665,2016-03-24-6-03-02PM,network,1.3414431,103.7118688,91.242,-1.0,-1.0,-1.0
2016-03-24-6-03-22PM,1458813802265,1458813802216,2016-03-24-6-03-22PM,network,1.3407431,103.7105387,48.0,-1.0,-1.0,-1.0
2016-03-24-6-03-36PM,1458813816973,1458813817000,2016-03-24-6-03-37PM,gps,1.33861174,103.70579929,30.0,36.29999923706055,281.5,0.25
2016-03-24-6-03-42PM,1458813822723,1458813822710,2016-03-24-6-03-42PM,network,1.3387218,103.7059047,47.471,-1.0,-1.0,-1.0
2016-03-24-6-03-57PM,1458813837983,1458813838000,2016-03-24-6-03-58PM,gps,1.33863572,103.70561723,44.0,28.799999237060547,268.7,0.75
2016-03-24-6-04-17PM,1458813857990,1458813858000,2016-03-24-6-04-18PM,gps,1.33864695,103.70553461,18.0,28.899999618530273,280.9,0.5
2016-03-24-6-04-36PM,1458813876040,1458813876000,2016-03-24-6-04-36PM,gps,1.33882268,103.70551928,17.0,25.399999618530273,346.1,1.25
2016-03-24-6-04-42PM,1458813882990,1458813882927,2016-03-24-6-04-42PM,network,1.3386794,103.7057578,48.789,-1.0,-1.0,-1.0
2016-03-24-6-04-57PM,1458813897002,1458813897000,2016-03-24-6-04-57PM,gps,1.33895029,103.70562815,53.0,28.600000381469727,34.0,0.75
2016-03-24-6-05-22PM,1458813922949,1458813922937,2016-03-24-6-05-22PM,network,1.338557,103.7058546,45.0,-1.0,-1.0,-1.0
2016-03-24-6-05-43PM,1458813943885,1458813943868,2016-03-24-6-05-43PM,network,1.3386488,103.7056461,24.552,-1.0,-1.0,-1.0
2016-03-24-6-06-04PM,1458813964356,1458813964273,2016-03-24-6-06-04PM,network,1.3386488,103.7056461,24.552,-1.0,-1.0,-1.0
2016-03-24-6-06-25PM,1458813985131,1458813985084,2016-03-24-6-06-25PM,network,1.3386233,103.7056382,23.92,-1.0,-1.0,-1.0
2016-03-24-6-06-45PM,1458814005195,1458814005172,2016-03-24-6-06-45PM,network,1.3383938,103.7060608,67.166,-1.0,-1.0,-1.0
2016-03-24-6-07-04PM,1458814024720,1458814024695,2016-03-24-6-07-04PM,network,1.3388681,103.7056912,43.154,-1.0,-1.0,-1.0
2016-03-24-6-07-25PM,1458814045347,1458814045319,2016-03-24-6-07-25PM,network,1.3389049,103.7057081,45.783,-1.0,-1.0,-1.0
2016-03-24-6-07-45PM,1458814065061,1458814065053,2016-03-24-6-07-45PM,network,1.3390637,103.7058624,35.0,-1.0,-1.0,-1.0
2016-03-24-6-08-05PM,1458814085130,1458814085120,2016-03-24-6-08-05PM,network,1.3390637,103.7058624,35.0,-1.0,-1.0,-1.0
2016-03-24-6-08-24PM,1458814104403,1458814104359,2016-03-24-6-08-24PM,network,1.3395765,103.7058624,10.102,-1.0,-1.0,-1.0
2016-03-24-6-08-45PM,1458814125017,1458814124997,2016-03-24-6-08-44PM,network,1.3395765,103.7058624,10.073,-1.0,-1.0,-1.0
2016-03-24-6-09-05PM,1458814145535,1458814145525,2016-03-24-6-09-05PM,network,1.3396551,103.7059153,79.83,-1.0,-1.0,-1.0
2016-03-24-6-09-25PM,1458814165135,1458814165093,2016-03-24-6-09-25PM,network,1.3397601,103.705772,35.0,-1.0,-1.0,-1.0
2016-03-24-6-09-45PM,1458814185759,1458814185742,2016-03-24-6-09-45PM,network,1.339435,103.7056147,78.004,-1.0,-1.0,-1.0
2016-03-24-6-10-05PM,1458814205108,1458814205099,2016-03-24-6-10-05PM,network,1.3392766,103.7057164,69.673,-1.0,-1.0,-1.0
2016-03-24-6-10-25PM,1458814225145,1458814225124,2016-03-24-6-10-25PM,network,1.3391789,103.7058038,71.413,-1.0,-1.0,-1.0
2016-03-24-6-10-45PM,1458814245120,1458814245106,2016-03-24-6-10-45PM,network,1.3391262,103.7058987,81.432,-1.0,-1.0,-1.0
2016-03-24-6-11-04PM,1458814264452,1458814264416,2016-03-24-6-11-04PM,network,1.3393847,103.7056549,60.917,-1.0,-1.0,-1.0
2016-03-24-6-11-25PM,1458814285222,1458814285202,2016-03-24-6-11-25PM,network,1.339418,103.7056362,79.421,-1.0,-1.0,-1.0
2016-03-24-6-11-44PM,1458814304463,1458814304454,2016-03-24-6-11-44PM,network,1.339472,103.7055529,75.348,-1.0,-1.0,-1.0
2016-03-24-6-12-05PM,1458814325145,1458814325134,2016-03-24-6-12-05PM,network,1.3394095,103.7055905,80.583,-1.0,-1.0,-1.0
2016-03-24-6-12-25PM,1458814345185,1458814345177,2016-03-24-6-12-25PM,network,1.3394124,103.7055987,80.232,-1.0,-1.0,-1.0
2016-03-24-6-12-45PM,1458814365206,1458814365174,2016-03-24-6-12-45PM,network,1.3394253,103.7056309,78.779,-1.0,-1.0,-1.0
2016-03-24-6-13-04PM,1458814384539,1458814384522,2016-03-24-6-13-04PM,network,1.3394664,103.7056672,74.809,-1.0,-1.0,-1.0
2016-03-24-6-13-25PM,1458814405207,1458814405168,2016-03-24-6-13-25PM,network,1.3394439,103.7057052,76.873,-1.0,-1.0,-1.0
2016-03-24-6-13-45PM,1458814425304,1458814425298,2016-03-24-6-13-45PM,network,1.3392773,103.7057542,92.475,-1.0,-1.0,-1.0
2016-03-24-6-14-05PM,1458814445353,1458814445308,2016-03-24-6-14-05PM,network,1.3392145,103.7058197,98.828,-1.0,-1.0,-1.0
2016-03-24-6-14-25PM,1458814465303,1458814465291,2016-03-24-6-14-25PM,network,1.3391082,103.7059166,109.954,-1.0,-1.0,-1.0
2016-03-24-6-14-45PM,1458814485248,1458814485237,2016-03-24-6-14-45PM,network,1.3391231,103.7059316,108.875,-1.0,-1.0,-1.0
2016-03-24-6-15-05PM,1458814505314,1458814505304,2016-03-24-6-15-05PM,network,1.3393269,103.7057743,91.76,-1.0,-1.0,-1.0
2016-03-24-6-15-25PM,1458814525337,1458814525330,2016-03-24-6-15-25PM,network,1.3393804,103.7056856,98.429,-1.0,-1.0,-1.0
2016-03-24-6-15-45PM,1458814545377,1458814545366,2016-03-24-6-15-45PM,network,1.3396861,103.7059077,18.276,-1.0,-1.0,-1.0
2016-03-24-6-16-04PM,1458814564656,1458814564615,2016-03-24-6-16-04PM,network,1.3396861,103.7059077,12.591,-1.0,-1.0,-1.0
2016-03-24-6-16-25PM,1458814585692,1458814585563,2016-03-24-6-16-25PM,network,1.3396861,103.7059077,12.637,-1.0,-1.0,-1.0
2016-03-24-6-16-44PM,1458814604847,1458814604667,2016-03-24-6-16-44PM,network,1.3392127,103.7059223,118.35,-1.0,-1.0,-1.0
2016-03-24-6-17-05PM,1458814625505,1458814625496,2016-03-24-6-17-05PM,network,1.3391551,103.7058851,35.0,-1.0,-1.0,-1.0
2016-03-24-6-17-25PM,1458814645411,1458814645403,2016-03-24-6-17-25PM,network,1.3391551,103.7058851,35.0,-1.0,-1.0,-1.0
2016-03-24-6-17-44PM,1458814664693,1458814664625,2016-03-24-6-17-44PM,network,1.3390655,103.7055457,35.0,-1.0,-1.0,-1.0
2016-03-24-6-18-05PM,1458814685368,1458814685355,2016-03-24-6-18-05PM,network,1.3390655,103.7055457,35.0,-1.0,-1.0,-1.0
2016-03-24-6-18-26PM,1458814706625,1458814706618,2016-03-24-6-18-26PM,network,1.3394955,103.7046082,48.0,-1.0,-1.0,-1.0
2016-03-24-6-18-45PM,1458814725428,1458814725415,2016-03-24-6-18-45PM,network,1.3394917,103.7043211,49.5,-1.0,-1.0,-1.0
2016-03-24-6-19-05PM,1458814745319,1458814745289,2016-03-24-6-19-05PM,network,1.3398246,103.704241,40.5,-1.0,-1.0,-1.0
2016-03-24-6-19-25PM,1458814765738,1458814765704,2016-03-24-6-19-25PM,network,1.3398246,103.704241,40.5,-1.0,-1.0,-1.0
2016-03-24-6-19-47PM,1458814787002,1458814786991,2016-03-24-6-19-46PM,network,1.3400342,103.7047555,95.315,-1.0,-1.0,-1.0
2016-03-24-6-20-06PM,1458814806524,1458814806493,2016-03-24-6-20-06PM,network,1.3400944,103.7049149,80.014,-1.0,-1.0,-1.0
2016-03-24-6-20-26PM,1458814826568,1458814826556,2016-03-24-6-20-26PM,network,1.3400992,103.7049194,79.415,-1.0,-1.0,-1.0
2016-03-24-6-20-46PM,1458814846579,1458814846563,2016-03-24-6-20-46PM,network,1.340025,103.7047701,67.181,-1.0,-1.0,-1.0
2016-03-24-6-21-08PM,1458814868474,1458814868432,2016-03-24-6-21-08PM,network,1.3393756,103.7042269,120.738,-1.0,-1.0,-1.0
2016-03-24-6-21-26PM,1458814886702,1458814886683,2016-03-24-6-21-26PM,network,1.3394744,103.7042052,129.651,-1.0,-1.0,-1.0
2016-03-24-6-21-45PM,1458814905813,1458814905789,2016-03-24-6-21-45PM,network,1.3395348,103.7042235,68.347,-1.0,-1.0,-1.0
2016-03-24-6-22-06PM,1458814926939,1458814926926,2016-03-24-6-22-06PM,network,1.3409937,103.7041411,137.793,-1.0,-1.0,-1.0
2016-03-24-6-22-25PM,1458814945857,1458814945844,2016-03-24-6-22-25PM,network,1.3409973,103.7041325,137.224,-1.0,-1.0,-1.0
2016-03-24-6-22-46PM,1458814966797,1458814966774,2016-03-24-6-22-46PM,network,1.3410938,103.7040458,37.5,-1.0,-1.0,-1.0
2016-03-24-6-23-11PM,1458814991630,1458814991590,2016-03-24-6-23-11PM,network,1.342764,103.7037003,55.424,-1.0,-1.0,-1.0
2016-03-24-6-23-26PM,1458815006636,1458815006625,2016-03-24-6-23-26PM,network,1.3427778,103.703736,40.5,-1.0,-1.0,-1.0
2016-03-24-6-23-46PM,1458815026768,1458815026750,2016-03-24-6-23-46PM,network,1.3426851,103.7037193,26.549,-1.0,-1.0,-1.0
2016-03-24-6-24-06PM,1458815046852,1458815046843,2016-03-24-6-24-06PM,network,1.3427365,103.7037055,45.0,-1.0,-1.0,-1.0
2016-03-24-6-24-26PM,1458815066786,1458815066775,2016-03-24-6-24-26PM,network,1.3427455,103.7036992,39.0,-1.0,-1.0,-1.0
2016-03-24-6-24-46PM,1458815086117,1458815086109,2016-03-24-6-24-46PM,network,1.342814,103.7036517,35.008,-1.0,-1.0,-1.0
2016-03-24-6-25-06PM,1458815106789,1458815106782,2016-03-24-6-25-06PM,network,1.3428721,103.7036358,26.371,-1.0,-1.0,-1.0
2016-03-24-6-25-26PM,1458815126830,1458815126793,2016-03-24-6-25-26PM,network,1.3428815,103.7036415,43.84,-1.0,-1.0,-1.0
2016-03-24-6-25-46PM,1458815146800,1458815146784,2016-03-24-6-25-46PM,network,1.342878,103.703652,44.282,-1.0,-1.0,-1.0
2016-03-24-6-26-06PM,1458815166784,1458815166777,2016-03-24-6-26-06PM,network,1.3428433,103.7036193,47.187,-1.0,-1.0,-1.0
2016-03-24-6-26-25PM,1458815185995,1458815185953,2016-03-24-6-26-25PM,network,1.3428234,103.7036614,49.409,-1.0,-1.0,-1.0
2016-03-24-6-26-46PM,1458815206809,1458815206796,2016-03-24-6-26-46PM,network,1.3427792,103.7036363,25.553,-1.0,-1.0,-1.0
2016-03-24-6-27-06PM,1458815226846,1458815226836,2016-03-24-6-27-06PM,network,1.3427479,103.7036519,22.317,-1.0,-1.0,-1.0
2016-03-24-6-27-26PM,1458815246827,1458815246814,2016-03-24-6-27-26PM,network,1.3427645,103.703627,30.0,-1.0,-1.0,-1.0
2016-03-24-6-27-46PM,1458815266040,1458815266022,2016-03-24-6-27-46PM,network,1.3427928,103.7036494,30.0,-1.0,-1.0,-1.0
2016-03-24-6-28-06PM,1458815286834,1458815286826,2016-03-24-6-28-06PM,network,1.3427638,103.7036343,30.0,-1.0,-1.0,-1.0
2016-03-24-6-28-26PM,1458815306032,1458815305990,2016-03-24-6-28-25PM,network,1.3427542,103.70363,30.0,-1.0,-1.0,-1.0
2016-03-24-6-28-46PM,1458815326882,1458815326870,2016-03-24-6-28-46PM,network,1.3427365,103.7036292,30.0,-1.0,-1.0,-1.0
2016-03-24-6-29-07PM,1458815347329,1458815347173,2016-03-24-6-29-07PM,network,1.3427437,103.7036374,30.0,-1.0,-1.0,-1.0
2016-03-24-6-29-27PM,1458815367982,1458815367968,2016-03-24-6-29-27PM,network,1.3427414,103.7036226,30.0,-1.0,-1.0,-1.0
2016-03-24-6-29-48PM,1458815388028,1458815388005,2016-03-24-6-29-48PM,network,1.3427439,103.7036269,30.0,-1.0,-1.0,-1.0
2016-03-24-6-30-08PM,1458815408021,1458815408000,2016-03-24-6-30-08PM,network,1.3427346,103.70363,30.0,-1.0,-1.0,-1.0
2016-03-24-6-30-28PM,1458815428050,1458815428031,2016-03-24-6-30-28PM,network,1.3427499,103.7036375,30.0,-1.0,-1.0,-1.0
2016-03-24-6-30-48PM,1458815448048,1458815448040,2016-03-24-6-30-48PM,network,1.3427372,103.7036424,30.0,-1.0,-1.0,-1.0
2016-03-24-6-31-08PM,1458815468069,1458815468058,2016-03-24-6-31-08PM,network,1.3427356,103.7036438,30.0,-1.0,-1.0,-1.0
2016-03-24-6-31-28PM,1458815488160,1458815488150,2016-03-24-6-31-28PM,network,1.3427394,103.7036466,30.0,-1.0,-1.0,-1.0
2016-03-24-6-31-47PM,1458815507961,1458815507953,2016-03-24-6-31-47PM,network,1.3427356,103.7036347,30.0,-1.0,-1.0,-1.0
2016-03-24-6-32-08PM,1458815528086,1458815528077,2016-03-24-6-32-08PM,network,1.3427279,103.7036388,30.0,-1.0,-1.0,-1.0
2016-03-24-6-32-28PM,1458815548181,1458815548125,2016-03-24-6-32-28PM,network,1.3427175,103.7036295,30.0,-1.0,-1.0,-1.0
2016-03-24-6-32-48PM,1458815568077,1458815568069,2016-03-24-6-32-48PM,network,1.3427296,103.7036443,30.0,-1.0,-1.0,-1.0
2016-03-24-6-33-08PM,1458815588199,1458815588180,2016-03-24-6-33-08PM,network,1.3427365,103.7036419,30.0,-1.0,-1.0,-1.0
2016-03-24-6-33-28PM,1458815608095,1458815608047,2016-03-24-6-33-28PM,network,1.342732,103.7036367,30.0,-1.0,-1.0,-1.0
2016-03-24-6-33-48PM,1458815628202,1458815628186,2016-03-24-6-33-48PM,network,1.3427375,103.7036348,30.0,-1.0,-1.0,-1.0
2016-03-24-6-34-08PM,1458815648216,1458815648211,2016-03-24-6-34-08PM,network,1.342741,103.7036246,30.0,-1.0,-1.0,-1.0
2016-03-24-6-34-27PM,1458815667355,1458815667322,2016-03-24-6-34-27PM,network,1.3427376,103.7036299,30.0,-1.0,-1.0,-1.0
2016-03-24-6-34-48PM,1458815688192,1458815688183,2016-03-24-6-34-48PM,network,1.3427457,103.7036288,30.0,-1.0,-1.0,-1.0
2016-03-24-6-35-07PM,1458815707366,1458815707351,2016-03-24-6-35-07PM,network,1.3427457,103.7036288,30.0,-1.0,-1.0,-1.0
2016-03-24-6-35-28PM,1458815728222,1458815728204,2016-03-24-6-35-28PM,network,1.3427273,103.7036412,30.0,-1.0,-1.0,-1.0
2016-03-24-6-35-49PM,1458815749168,1458815749157,2016-03-24-6-35-49PM,network,1.3427488,103.7036415,30.0,-1.0,-1.0,-1.0
2016-03-24-6-36-09PM,1458815769202,1458815769167,2016-03-24-6-36-09PM,network,1.3427211,103.7036504,30.0,-1.0,-1.0,-1.0
2016-03-24-6-36-29PM,1458815789269,1458815789259,2016-03-24-6-36-29PM,network,1.3427403,103.7036593,30.0,-1.0,-1.0,-1.0
2016-03-24-6-36-49PM,1458815809259,1458815809250,2016-03-24-6-36-49PM,network,1.3427009,103.7036788,30.0,-1.0,-1.0,-1.0
2016-03-24-6-37-09PM,1458815829216,1458815829208,2016-03-24-6-37-09PM,network,1.3426941,103.7036709,30.0,-1.0,-1.0,-1.0
2016-03-24-6-37-29PM,1458815849280,1458815849270,2016-03-24-6-37-29PM,network,1.3427148,103.7036714,30.0,-1.0,-1.0,-1.0
2016-03-24-6-37-49PM,1458815869280,1458815869267,2016-03-24-6-37-49PM,network,1.3427067,103.7036522,31.5,-1.0,-1.0,-1.0
2016-03-24-6-38-09PM,1458815889276,1458815889267,2016-03-24-6-38-09PM,network,1.3427053,103.7036516,30.0,-1.0,-1.0,-1.0
2016-03-24-6-38-29PM,1458815909310,1458815909296,2016-03-24-6-38-29PM,network,1.3426948,103.7036737,30.0,-1.0,-1.0,-1.0
2016-03-24-6-38-49PM,1458815929340,1458815929333,2016-03-24-6-38-49PM,network,1.3426812,103.7036757,30.0,-1.0,-1.0,-1.0
2016-03-24-6-39-09PM,1458815949335,1458815949322,2016-03-24-6-39-09PM,network,1.3426875,103.7036722,30.0,-1.0,-1.0,-1.0
2016-03-24-6-39-29PM,1458815969281,1458815969271,2016-03-24-6-39-29PM,network,1.3426969,103.7036716,30.0,-1.0,-1.0,-1.0
2016-03-24-6-39-50PM,1458815990447,1458815990430,2016-03-24-6-39-50PM,network,1.342698,103.7036454,37.5,-1.0,-1.0,-1.0
2016-03-24-6-40-10PM,1458816010423,1458816010414,2016-03-24-6-40-10PM,network,1.3426876,103.7036481,31.5,-1.0,-1.0,-1.0
2016-03-24-6-40-30PM,1458816030564,1458816030385,2016-03-24-6-40-30PM,network,1.3426642,103.7036785,33.0,-1.0,-1.0,-1.0
2016-03-24-6-40-50PM,1458816050433,1458816050422,2016-03-24-6-40-50PM,network,1.3426625,103.7036807,34.5,-1.0,-1.0,-1.0
2016-03-24-6-41-10PM,1458816070399,1458816070386,2016-03-24-6-41-10PM,network,1.3426858,103.7036529,42.0,-1.0,-1.0,-1.0
2016-03-24-6-41-30PM,1458816090387,1458816090381,2016-03-24-6-41-30PM,network,1.3426485,103.703689,33.0,-1.0,-1.0,-1.0
2016-03-24-6-41-50PM,1458816110416,1458816110399,2016-03-24-6-41-50PM,network,1.342647,103.7036921,33.0,-1.0,-1.0,-1.0
2016-03-24-6-42-10PM,1458816130437,1458816130428,2016-03-24-6-42-10PM,network,1.3426444,103.7036848,33.0,-1.0,-1.0,-1.0
2016-03-24-6-42-30PM,1458816150462,1458816150447,2016-03-24-6-42-30PM,network,1.3426498,103.7036864,33.0,-1.0,-1.0,-1.0
2016-03-24-6-42-49PM,1458816169694,1458816169681,2016-03-24-6-42-49PM,network,1.3426753,103.7036527,40.5,-1.0,-1.0,-1.0
