2016-03-24-5-32-11PM,1458811931348,5.000305,3
2016-03-24-5-34-20PM,1458812060559,0.0,3
2016-03-24-5-34-21PM,1458812061746,5.000305,3
2016-03-24-5-35-33PM,1458812133195,0.0,3
2016-03-24-5-35-33PM,1458812133370,5.000305,3
2016-03-24-5-35-35PM,1458812135694,0.0,3
2016-03-24-5-35-36PM,1458812136200,5.000305,3
2016-03-24-5-36-36PM,1458812196126,0.0,3
2016-03-24-5-36-36PM,1458812196351,5.000305,3
2016-03-24-5-46-00PM,1458812760743,0.0,3
2016-03-24-5-46-06PM,1458812766552,5.000305,3
2016-03-24-5-46-56PM,1458812816074,0.0,3
2016-03-24-5-46-56PM,1458812816084,5.000305,3
2016-03-24-5-47-59PM,1458812879204,0.0,3
2016-03-24-5-47-59PM,1458812879469,5.000305,3
2016-03-24-5-48-39PM,1458812919756,0.0,3
2016-03-24-5-48-41PM,1458812921781,5.000305,3
2016-03-24-5-52-33PM,1458813153820,0.0,3
2016-03-24-5-52-33PM,1458813153841,5.000305,3
2016-03-24-5-56-32PM,1458813392140,0.0,3
2016-03-24-5-56-32PM,1458813392721,5.000305,3
2016-03-24-5-58-21PM,1458813501366,0.0,3
2016-03-24-5-58-21PM,1458813501413,5.000305,3
2016-03-24-6-24-21PM,1458815061604,0.0,3
2016-03-24-6-24-21PM,1458815061680,5.000305,3
2016-03-24-6-28-27PM,1458815307897,0.0,3
2016-03-24-6-28-27PM,1458815307985,5.000305,3
2016-03-24-6-28-55PM,1458815335660,0.0,3
2016-03-24-6-28-56PM,1458815336088,5.000305,3
2016-03-24-6-34-11PM,1458815651506,0.0,3
2016-03-24-6-34-11PM,1458815651949,5.000305,3
2016-03-24-6-34-12PM,1458815652410,0.0,3
2016-03-24-6-34-12PM,1458815652634,5.000305,3
2016-03-24-6-34-44PM,1458815684843,0.0,3
2016-03-24-6-34-45PM,1458815685019,5.000305,3
2016-03-24-6-34-58PM,1458815698113,0.0,3
2016-03-24-6-34-58PM,1458815698858,5.000305,3
2016-03-24-6-42-47PM,1458816167757,0.0,3
2016-03-24-6-42-48PM,1458816168692,5.000305,3
